A = [1 1 1; 0 a a; a 2a a]